0.085802086
0.07596282
0.08400485
0.08839465
0.08694239
0.08562226
0.08104656
0.07545374
0.07809857
0.08247924
0.08178923
0.0750438
0.08435855
0.08402571
0.081787996
0.08279443
0.078295015
0.08520301
0.07263428
0.08003561
0.080472335
0.08306211
0.08201756
0.08303888
0.08171209
0.08369781
0.07933138
0.08965398
0.08748727
0.08529425
0.2787329
0.27825624
0.27720016
0.27531806
0.2772283
0.28124285
0.27407032
0.28199703
0.28414658
0.2779361
0.28278852
0.28136367
0.28257173
0.27414936
0.28215897
0.2795183
0.27505392
0.28393248
0.28234679
0.27826914
0.28199586
0.27918425
0.28183883
0.27794322
0.28335726
0.27924594
0.2746405
0.28178877
0.27839535
0.28077227
0.32674026
0.28840962
0.29607457
0.29929736
0.29267022
0.31480962
0.32366362
0.29056796
0.29862022
0.2873345
0.31059316
0.34999838
0.2947625
0.30711767
0.30356517
0.29411265
0.3333558
0.286196
0.29354373
0.28559905
0.28966087
0.29272813
0.293718
0.29050097
0.29167652
0.2894884
0.30081016
0.32766452
0.2865792
0.29892263
0.2987952
0.39916778
0.3235517
0.30022588
0.30603164
0.34603027
0.29483002
0.32834062
0.30229497
0.33242154
0.30268228
0.31980783
0.2971527
0.31417674
0.37144047
0.3195083
0.45693892
0.31302553
0.41373244
0.29272717
0.30769545
0.2986407
0.39121312
0.30674285
0.33065158
0.29809493
0.40126723
0.29689783
0.34697396
0.33367342
0.097792305
0.07985255
0.07416479
0.08321099
0.0721841
0.065050445
0.08756957
0.083662495
0.07807352
0.07541843
0.09082117
0.07972405
0.08118705
0.07491122
0.08125919
0.077798285
0.072393365
0.06580188
0.0682831
0.088325284
0.075160325
0.0864321
0.08709277
0.08270939
0.072633564
0.06668801
0.06604155
0.077239275
0.07737163
0.07635414
